1450 0
1820 8
2460 0
2880 8
3350 0
3820 0
4300 8
4680 8
5640 0
6160 8
6650 8
7400 0
7840 8
8400 0
8900 8
9520 0
9960 8
10300 8
11280 0
11810 8
12300 8
12770 0
13760 0
14570 8
15230 8
15620 8
16270 0
16590 8
16990 0
17570 0
17990 8
18400 8
18760 0
19140 0
19450 8
19790 8
20130 0
20830 0
21210 8
21570 8
21950 0
22630 0
22990 8
23330 8
23690 0
24450 0
25100 8
25460 8
26030 0
26510 8
27040 8
27620 0
28270 8
28780 8
29210 0
29940 0
30410 8
30750 8
31120 0
31980 0
32450 8
32880 8
33740 0
34230 8
35150 8
35510 8
35910 0
36730 0
37350 8
37780 8
38540 0
39180 8
39520 8
40060 0
40830 8
41320 8
41710 0
42640 0
43170 8
44110 8
44740 8
45120 8
45810 0
46300 8
46870 8
47390 0
48460 8
49260 8
49730 8
50520 0
50840 8
51390 8
52170 0
52680 8
53330 8
54000 8
54780 8
55410 8
56400 8
57160 8
57630 8
58440 0
59980 8
60370 8
61220 0
62050 8
62470 8
62840 0
63810 0
64390 8
64920 8
66010 8
66810 8
67760 8
68440 8
68850 8
69230 0
70060 0
70630 8
71130 8
71580 0
72080 8
72450 8
73390 0
73980 8
74400 8
75170 0
75620 8
76210 8
77280 8
77730 8
78160 0
78790 8
79060 8
79580 0
80130 8
80530 8
80930 0
81520 0
82310 8
82990 8
83640 8
84350 8
84750 8
85400 0
85790 8
86190 8
86530 0
86820 0
87180 8
87560 8
88170 0
88650 8
88950 8
89330 0
89710 8
90020 8
90350 0
90790 0
91070 8
91780 8
92180 8
92510 0
92870 0
93220 8
93770 8
94260 0
94800 8
95350 8
96420 0
96990 8
97720 8
98210 8
98530 0
99190 0
99550 8
100040 8
100520 0
101270 8
101650 8
102160 0
102770 8
103570 8
105530 8
105940 8
106280 8
106980 0
107330 8
107730 8
108390 0
108790 8
109080 8
109460 0
109820 0
110160 8
110570 8
111170 0
111580 8
112280 8
112600 8
112990 0
113480 0
113990 8
114400 8
115120 0
115750 8
116330 8
116860 0
117250 8
117540 8
117910 0
118300 0
118610 8
119030 8
119580 0
120050 8
120750 8
121110 8
121440 0
122480 0
122880 8
123550 8
123890 8
124270 0
124740 0
125160 8
125750 8
126280 0
126740 8
127060 8
127450 0
128120 0
128750 8
129500 8
130270 8
131220 8
132450 8
133130 8
133650 8
133940 8
134330 0
134730 0
135400 8
136400 8
138160 8
138820 8
139610 8
140110 8
140830 8
141210 8
141870 0
142520 8
143050 8
144000 8
144960 8
145310 8
146760 8
147600 8
147950 8
148660 0
149280 8
149660 8
150270 0
150990 8
151300 8
151920 0
152540 8
152850 8
154040 0
154480 8
154950 8
156010 0
156520 8
156970 8
158000 0
158630 8
159460 8
160000 8
160400 8
161920 0
162800 8
163530 8
164490 8
164870 8
165490 0
166250 8
167030 8
167450 8
168290 0
169090 8
169800 8
170490 8
170910 8
