1320 0
1730 8
2080 8
2480 0
2900 0
3300 8
3660 0
4020 0
4470 8
4870 0
5230 8
5570 0
6060 0
6460 8
6830 8
7610 0
8380 8
8760 8
9210 0
9600 0
10020 8
10770 0
11530 8
11900 8
12360 0
13180 0
13930 8
14640 8
15090 8
15470 0
15820 0
16270 8
16690 8
17040 0
17800 0
18250 8
19110 0
19310 8
19860 0
20220 8
20690 0
21010 8
21440 0
21820 8
22220 8
22580 0
23070 0
23410 8
23950 8
24350 0
25330 0
25800 8
26210 8
26490 0
26960 0
27340 8
27710 8
28150 0
28970 0
29270 8
29750 8
30090 8
30510 0
30880 8
31300 0
31710 8
32180 8
32870 0
33320 8
33580 8
34050 0
34390 8
34790 8
35620 0
36120 8
36610 8
37520 0
37910 8
38370 8
39120 0
39600 8
39970 8
40410 0
40760 8
41170 0
41540 8
42030 0
43040 8
43460 8
43850 0
44290 0
44760 8
45410 8
45810 8
46250 0
47410 0
47900 8
48630 8
49030 8
49760 0
50520 8
51080 8
51780 8
52660 8
53720 8
54180 8
54620 0
55120 8
55790 8
56170 8
56970 0
57500 8
57950 8
58460 0
58920 8
59330 8
60070 0
60910 8
62110 8
62510 8
63600 0
63970 8
64880 8
65250 8
65700 0
66530 8
67170 8
67700 8
68370 0
68940 8
69430 8
70260 0
71160 8
71610 8
72310 0
72930 8
73480 8
73870 8
74340 0
74720 8
75110 0
75500 8
76250 0
77090 8
77530 8
77830 0
78230 0
78670 8
79450 8
80260 8
81020 8
81410 8
81830 0
82250 8
82570 8
83410 0
83810 8
84190 8
84570 0
84980 0
85530 8
86550 8
87050 8
87590 0
88070 8
88510 8
89300 0
89720 8
90740 8
91590 8
92050 8
92790 0
93640 8
94070 8
94450 0
95230 0
95640 8
96090 8
96630 0
97210 8
97580 8
97910 0
98380 0
98890 8
99440 8
99980 0
100310 8
101040 0
101600 8
102310 8
102700 8
103220 0
103490 8
104300 0
104780 8
105490 8
106390 8
107390 8
107840 8
108420 0
109440 8
109850 8
110240 0
110640 8
111050 0
111410 8
111800 0
112210 8
112630 0
113430 0
113900 8
114470 8
114750 8
115340 0
116020 8
116790 8
117370 8
118070 8
118690 8
119350 8
119870 8
120740 8
121130 8
121460 0
122440 0
123270 8
123670 8
124020 0
124700 0
125560 8
125990 8
126460 0
126810 8
127200 0
127620 8
128040 0
128710 0
129190 8
129580 8
130340 0
130790 8
131650 8
132330 8
132760 8
133130 0
133520 0
133960 8
134370 8
134790 0
135890 0
136300 8
136680 8
137220 0
137780 8
138580 8
138980 8
139450 0
139940 8
140890 8
141780 8
142200 8
142660 0
143070 8
144110 8
144940 8
145380 8
145750 0
146120 0
146470 8
146860 8
147320 0
147750 8
148140 8
148550 0
149330 0
149700 8
150120 8
150540 0
151140 0
151660 8
152290 8
152850 0
153260 8
153900 8
154330 8
154840 0
155240 8
155700 8
156060 0
156470 0
157060 8
157450 8
157810 0
158510 0
159040 8
160030 8
160330 8
161080 0
161570 8
161920 8
162350 0
163110 0
163540 8
163910 8
164480 0
165340 8
166280 8
166650 8
167490 0
167900 8
168350 8
168600 0
169130 0
169410 8
169830 8
170310 0
171090 8
171670 8
171970 8
172860 0
173380 8
173820 8
174260 0
175020 0
175720 8
176410 8
176790 8
177390 0
178090 8
178430 8
178890 0
179610 8
180070 8
180490 0
181310 0
181800 8
182420 8
182880 8
183300 0
183650 8
184060 0
184520 8
185280 0
185610 8
186050 8
186440 0
186810 0
187200 8
188090 8
188360 8
188740 0
189220 0
189600 8
189950 8
190360 0
190880 8
191410 8
192300 0
193930 8
194610 8
195260 8
195630 8
