540 0
1550 0
1930 8
2460 0
2870 8
3630 0
4130 8
4560 0
5310 0
5700 8
6030 8
6550 0
7090 0
7740 8
8080 8
8530 0
9220 0
10130 8
10970 8
11850 8
12660 8
13160 8
13860 0
14220 8
14760 0
15240 8
16240 0
16760 8
17310 8
18000 0
18370 8
18750 8
19380 0
20010 8
20910 8
21330 8
21630 0
22130 0
22500 8
22860 8
23450 0
24230 0
25030 8
26280 8
27040 8
27520 8
28330 0
28690 8
29110 8
29510 0
30380 0
30730 8
31120 8
31670 0
32430 0
32780 8
33740 0
34760 8
35250 8
35740 0
36500 8
36940 8
37350 0
38500 0
39340 8
41380 8
41870 8
42230 8
42860 0
43920 8
44280 8
44740 0
45070 8
45610 0
46160 8
46620 8
46860 0
47310 0
47910 8
48390 8
48790 0
49190 0
49610 8
50130 8
51180 0
52180 8
52490 8
53350 0
53780 8
54350 8
55000 0
55640 8
56280 8
56620 8
57440 0
58070 8
58500 8
59180 0
59770 8
60400 8
61140 8
62270 8
63200 8
63470 8
63780 0
64490 0
65690 8
66080 8
66530 0
66820 8
67500 0
67970 8
68580 8
68900 8
69340 0
69700 0
70480 8
70870 8
71400 0
72430 8
73380 8
73940 8
76280 0
76750 8
77560 8
78330 8
79070 8
79510 8
80350 0
80850 8
81940 8
82360 8
82890 0
83180 8
83600 0
83970 8
84490 0
84830 8
85840 0
86490 8
87050 8
87770 0
88600 8
89050 8
90110 0
90650 8
91360 8
92180 8
92730 8
93120 8
93980 0
94580 8
95330 8
95720 8
96300 0
96770 8
97250 8
98090 0
98780 8
99760 8
100130 8
100460 0
100900 0
101710 8
102230 8
102960 0
103460 8
103740 8
104510 0
105020 8
105500 8
106030 0
106420 8
106800 8
107260 0
108580 0
109110 8
109610 8
110520 0
111120 8
111470 8
112720 0
113250 8
113790 8
115060 8
115720 8
116590 8
117320 8
117930 8
118800 8
119070 8
120100 0
120890 8
121380 8
121840 8
122280 0
122960 8
123310 8
123840 0
124310 8
124730 8
125120 0
125580 0
126150 8
126790 8
127410 0
128070 8
128410 8
128850 0
129810 0
130920 8
131430 8
132470 8
132900 8
133220 0
133910 0
134200 8
134900 8
135250 8
135710 0
136140 8
136410 8
136990 0
137340 8
137900 0
138330 8
138990 0
139880 8
140260 8
141140 0
141960 8
142390 8
142720 0
143090 0
143430 8
143840 8
144390 0
145250 8
146280 8
146800 8
147510 0
147960 8
148520 8
150140 8
150470 8
150960 0
151620 8
152650 8
152980 8
153410 0
154210 0
154820 8
155480 8
156150 8
156460 8
157220 0
158230 8
159210 8
159770 8
160890 8
161230 8
161940 0
162580 8
162980 8
163830 0
164360 8
165040 8
165380 8
166390 0
168040 8
168470 8
169110 8
169490 8
170400 0
171420 8
171920 8
172560 8
173100 8
174480 8
175230 8
175690 8
176180 0
176750 8
177150 8
177690 0
178310 8
178820 8
179130 0
179610 0
180120 8
180600 8
181150 0
181750 8
182490 8
185150 8
185610 8
186380 8
186980 8
187550 8
188080 8
189050 8
189370 8
190140 0
190590 8
191060 8
191740 0
192650 8
193480 8
194500 8
195160 8
195780 8
197210 8
197840 8
198150 8
198820 0
199290 8
199870 8
200390 8
201040 0
201510 8
201990 8
202790 0
203290 8
204190 8
204630 8
205300 0
206560 8
207030 8
207450 8
207990 0
208430 8
209020 8
209470 0
209840 8
211000 0
211540 8
212190 8
213170 8
213690 8
214240 8
214720 8
215330 0
216280 8
216750 8
217670 8
