1160 0
1510 8
2030 0
2520 0
3120 0
3660 8
4140 0
4670 0
5400 8
5860 8
6240 0
6630 0
7310 0
7650 8
8030 8
8720 0
9700 0
10170 8
10730 8
11360 0
11820 8
12780 0
13200 8
13870 0
14350 8
15150 0
15560 8
15930 8
16400 0
17910 0
18390 8
19030 8
19590 0
20130 8
20680 8
21070 0
21740 0
22520 8
23140 8
24200 0
24680 8
25170 8
25850 0
26240 8
26880 0
27290 8
27710 8
27970 0
28320 0
28670 8
29010 8
29370 0
30090 0
30480 8
31070 8
31550 0
32090 8
32620 8
33150 0
33720 8
34190 8
34660 0
35210 0
35670 8
36200 8
36780 0
37270 8
37660 8
38310 0
38740 8
39320 0
39800 8
40360 8
40860 0
41340 8
41850 8
42430 0
42960 8
43330 8
43890 0
44450 8
44810 8
45280 0
45580 8
46000 0
46530 0
47270 8
47970 8
48640 8
49020 8
49640 0
50020 8
50720 0
51030 8
51730 0
52150 8
52540 8
53190 0
53570 8
54230 0
55150 8
55720 8
56240 0
56680 8
57250 8
57890 0
58290 8
59010 0
59370 8
59910 0
60400 8
60820 8
61430 0
62210 8
63020 8
63550 8
63900 0
64530 0
65500 8
65810 8
66200 0
66670 0
67270 8
67740 8
68270 0
68700 8
69360 0
69650 8
70330 0
70830 8
71300 8
72190 0
72580 8
73440 8
74470 8
75050 8
75550 8
76340 0
76950 8
77620 8
77950 8
78570 0
79170 8
80130 8
80590 8
81140 0
82200 8
82710 8
83770 8
84220 8
84820 0
85290 8
85850 8
86270 0
86590 8
87290 0
87700 8
88380 8
88740 8
89390 0
89770 8
90390 0
90900 8
91380 8
92020 0
92400 8
93030 0
93570 8
94520 8
95620 8
96650 8
97610 8
98680 8
99220 8
99700 8
100050 0
100740 0
101420 8
101760 8
102440 0
102790 8
103420 0
103810 8
104470 0
105020 8
105500 8
106060 0
106510 8
107130 8
107610 0
108120 8
108630 8
109170 0
109680 8
110200 8
110710 0
111230 8
111620 8
112480 0
113260 8
113820 8
114260 8
114790 0
115350 8
115870 8
116330 0
116950 8
117410 8
117840 0
118290 8
118950 0
119340 8
119750 8
120380 0
