1870 0
3250 0
3700 8
4280 0
5030 0
6120 0
6940 8
7400 8
8760 0
9240 8
9940 8
10450 8
12470 0
13200 8
14620 8
15950 8
16600 8
17030 8
17430 0
18030 0
18400 8
18890 8
19570 0
19880 8
20320 0
20750 8
21150 0
21470 8
21720 0
22240 0
22870 8
23260 8
23880 0
24430 8
24810 8
25070 0
25740 0
26310 8
26660 8
26910 0
27260 0
27700 8
28110 8
28500 0
28750 8
29490 0
30350 8
30940 8
31390 0
31840 8
32100 8
32720 0
33320 8
33700 8
34520 0
35180 8
35780 8
36250 0
36860 8
37320 8
37630 0
38310 0
38780 8
39210 8
40040 0
40640 8
40850 8
41330 0
41680 8
42000 8
42470 0
42930 8
43400 0
44100 8
45020 8
45810 8
45940 8
46170 0
46630 0
47000 8
47550 8
48110 0
48710 8
49160 8
49400 0
50170 0
50560 8
51180 8
51710 0
52100 8
52400 8
53470 0
54110 8
54470 8
55300 0
55770 8
56180 8
57210 0
57700 8
57970 8
58750 0
59530 8
60520 8
61310 8
61850 8
63260 8
63840 8
64170 8
64490 0
65010 0
65430 8
66470 8
66830 8
67260 0
67790 0
68320 8
68800 8
69150 0
69820 0
70170 8
70730 8
71480 0
72460 8
72940 8
73390 0
75240 8
76510 8
76930 8
77660 0
78110 8
78480 8
79080 0
79490 8
80240 8
81490 8
82050 8
83080 8
83860 8
84540 8
85050 8
85520 8
85970 0
86340 8
87230 0
87940 8
88620 8
89440 8
90570 8
91040 8
91610 8
92240 8
92900 8
93370 8
93710 0
94150 0
94580 8
94960 8
95220 0
95560 0
96080 8
96380 8
96820 0
97460 8
97850 8
98330 0
99240 8
99680 8
100160 0
100850 8
101090 8
101330 0
101570 0
101960 8
102600 8
103420 8
103830 8
104440 0
105160 8
105710 8
106030 8
106630 0
107540 8
107900 8
108370 0
108950 8
109700 8
110070 8
110550 0
110870 8
111480 0
112090 8
112620 8
113010 0
113330 8
113730 0
114110 8
114540 8
114930 0
115750 0
116210 8
117020 8
118170 8
118720 8
119330 8
119820 8
120480 0
121080 8
121850 8
122310 8
123020 0
123470 8
124280 8
124760 8
125520 0
126010 8
126470 8
126730 8
127790 0
128840 8
129120 8
129940 0
130450 8
131110 8
131440 8
132480 0
133040 8
133480 8
134240 0
135260 8
135820 8
136150 8
136510 0
137070 0
137410 8
138310 8
138830 8
139290 0
139870 8
140660 8
141150 8
142400 8
143210 8
143560 8
144000 0
144420 8
144820 8
145250 0
145730 0
146320 8
147020 8
147580 8
148370 0
149010 8
149800 8
150600 8
151500 8
152220 8
152930 8
153250 8
153780 0
154290 8
155150 8
155960 8
156550 8
156920 8
157390 0
157630 8
158540 0
159010 8
159240 8
159720 0
160410 8
160630 8
161120 0
161730 8
162380 8
163080 8
163640 8
164320 8
164800 8
165590 0
166480 8
168050 8
168380 8
169020 0
169410 8
169960 8
170720 8
171270 8
171730 8
172170 0
172640 8
173560 8
174010 8
174470 0
174710 8
175430 0
175850 8
176610 8
177260 8
177720 8
178070 0
178660 0
179110 8
179610 8
180020 0
180480 0
180910 8
181330 8
181760 0
182290 0
183260 8
183690 8
184220 0
185050 8
185510 8
186040 0
187040 8
188110 8
188790 8
189480 8
190110 8
190520 8
191320 0
191780 8
192800 8
193080 8
193550 0
194350 8
195150 8
195690 8
196120 8
196510 0
196800 8
197560 0
198260 8
199180 8
199890 8
200470 8
200810 8
201190 0
201660 0
202640 8
203110 8
203560 0
204460 8
204810 8
205390 0
205880 8
206290 8
206860 0
207290 8
207800 8
208530 0
209130 8
209570 8
210010 0
210460 8
210920 8
211280 0
211850 0
212300 8
212790 8
213100 0
213450 0
214160 8
214650 8
215100 0
215560 8
215960 8
217060 0
217810 8
218320 8
218790 0
219320 8
220620 8
221510 8
222470 8
223160 8
223390 8
224260 0
224790 8
225490 8
226080 8
226670 8
227120 8
227540 0
228020 8
228140 8
228590 0
229510 8
229930 8
230320 0
230760 0
231250 8
232170 8
232550 8
233090 0
233420 8
233770 8
234140 0
234730 0
235180 8
235530 8
236250 0
237010 8
237700 8
238100 8
238400 0
239450 0
239880 8
240620 8
241100 8
241750 0
242180 8
242560 8
243090 0
243690 8
244030 8
244790 0
245500 8
245940 8
246480 0
246910 8
247230 8
247850 0
248090 8
248460 8
248860 0
249240 8
249940 0
250280 8
250850 8
251540 0
252230 8
252490 8
252950 0
253390 8
253740 8
254090 0
254630 0
