550 0
1500 0
1930 8
2430 0
3030 0
3380 8
3850 0
4300 0
4900 0
5710 0
6170 8
6600 8
7090 0
7580 0
8060 8
8660 0
8990 8
9420 0
9930 0
10530 8
10880 8
11340 0
11790 0
12400 8
13200 0
13680 8
14150 8
14600 0
15060 0
15560 8
16150 0
16500 8
16920 0
17430 0
17830 8
18380 0
18750 8
19290 0
19840 8
20250 8
20680 0
21190 0
22130 8
22360 8
23050 0
23540 8
24010 8
24420 0
24940 0
25430 8
25880 8
26340 0
26800 0
27280 8
27750 8
28210 0
29140 0
30110 8
30550 8
31020 0
31440 8
31970 0
32200 8
32420 8
32850 0
33360 8
33840 8
34250 0
34790 0
35190 8
35500 8
36600 0
37030 8
37590 8
37920 8
38550 0
38940 8
39410 8
39930 0
40370 8
40870 0
41340 8
42270 0
42680 8
43090 8
44090 0
44620 8
45100 8
45490 0
46050 0
46500 8
46870 8
47430 0
47850 8
48350 0
48840 8
49230 8
49770 0
50180 8
50620 0
51590 0
52080 8
52600 8
52950 0
53530 0
53890 8
54360 8
54930 0
55370 8
55850 8
56300 0
57270 0
57650 8
58230 8
58690 0
59100 8
59630 0
60100 8
60510 8
61020 0
61450 8
62430 0
62890 8
63360 8
63840 0
64680 8
65150 8
65500 0
66060 0
66580 8
66900 8
66990 8
67600 0
68050 8
68530 8
68980 0
69870 0
70280 8
71230 8
71590 8
72160 0
72700 8
73680 8
74100 8
75090 0
75470 8
76020 8
76490 0
76970 8
77430 8
77820 0
78360 0
78780 8
79670 8
80240 8
81050 0
81560 8
81900 8
82370 0
82590 8
82920 0
83580 0
83990 8
84470 8
84930 0
85380 8
86200 0
86580 8
87160 8
87700 0
88680 8
89090 8
89560 0
90560 8
91040 8
91750 0
92200 8
92900 8
93150 8
93380 0
94070 0
94780 8
95730 8
96200 8
96660 0
97140 8
97520 8
97840 0
98540 0
99350 8
99840 8
100400 0
100960 8
101300 8
101820 0
102280 8
103150 8
103780 8
104160 8
104640 0
105050 8
105540 0
106040 8
106630 8
107330 0
107900 8
108470 8
109310 8
109780 8
110490 0
111180 8
111660 8
112510 0
113070 8
113540 8
114330 0
114930 8
115410 8
115650 8
116120 0
116730 8
117290 8
118000 0
119470 8
120110 8
121030 8
121490 8
121960 0
122430 8
122810 8
123360 0
123780 8
124080 8
124780 0
125020 8
125210 8
126190 0
126600 8
127590 8
127990 8
128540 0
128990 8
130290 8
130860 8
131240 8
131580 0
132400 0
132740 8
133070 8
133460 0
133800 8
134080 8
135550 0
136040 8
136390 8
137430 0
137900 8
138780 8
139260 8
140140 0
140600 8
140960 8
141570 0
142490 8
143010 8
143650 0
144060 8
144700 8
145400 8
146260 8
146740 8
147410 0
148120 8
148450 8
148840 0
149390 0
149630 8
150090 8
150550 0
151030 8
151490 8
151960 0
152440 8
152880 8
153370 0
153780 8
154080 8
155110 0
155710 8
155950 8
156560 0
158000 8
158520 8
158990 8
159460 0
159950 8
160410 8
161230 0
161580 8
162280 8
163210 8
164030 8
165340 8
166010 8
166480 8
166970 0
167450 8
168750 8
169070 8
169780 0
170200 8
170960 8
171600 8
172110 8
172490 0
173060 0
173490 8
173950 8
174470 0
175440 8
176340 8
176480 8
176820 0
177280 0
177750 8
178230 8
178680 0
179280 0
179400 8
180570 8
181030 8
181870 0
182440 8
182900 8
183150 8
183240 8
183610 0
184260 8
184780 8
185630 0
185970 8
186190 8
186650 0
187140 8
187490 8
188020 0
188500 8
188780 8
189370 0
189950 8
190400 8
190650 0
190780 8
191260 0
191820 8
192250 8
192530 0
192650 8
193140 0
193470 8
193700 8
194160 0
195100 8
195430 8
196030 0
196270 8
196510 8
196850 0
197430 8
197910 8
198150 8
198770 0
199310 8
199780 8
200160 0
200630 0
201200 8
201660 8
202130 0
202540 8
203070 0
203540 8
204400 8
205020 8
205400 8
206340 0
206820 8
207280 8
207530 8
207760 0
208230 0
208680 8
209570 8
210110 8
210460 0
211020 0
211490 8
211970 8
212430 0
212840 8
213310 0
213780 8
214660 8
214890 8
215190 0
216180 0
216560 8
217070 8
217910 0
218510 8
219230 8
219850 8
220330 8
221210 0
221680 8
222160 8
222750 0
223000 8
223680 0
224070 8
225090 8
226040 8
226490 8
226960 0
227220 8
227850 0
228370 8
228710 8
229080 0
229660 0
230210 8
230710 8
231190 0
231640 8
232050 8
232490 0
233540 0
233890 8
234710 8
235340 8
235870 8
236230 0
236580 8
237130 0
237520 8
237740 8
238690 0
239100 8
239550 8
240110 0
240550 8
241000 8
241490 0
242430 8
242920 8
243330 0
243760 8
244080 8
244680 0
245240 8
246070 8
246560 8
247030 0
247700 8
248520 8
248980 8
249940 0
250230 8
251190 8
251590 8
252210 0
252740 8
253140 8
253550 0
254130 0
255100 8
256060 8
256500 8
257210 0
257340 8
257790 8
258370 0
258680 8
259090 8
259610 0
260190 8
261030 8
261580 8
262020 0
262840 8
263470 8
263890 8
264240 0
264880 0
265290 8
265770 8
266220 0
266470 8
266580 8
267200 0
267700 8
268680 8
269070 8
270090 0
270420 8
271040 8
271790 8
272370 8
272900 8
273380 0
274270 8
274770 8
275030 8
275730 0
276660 8
276900 8
277490 0
277970 8
278530 8
279410 8
279800 8
280400 0
280650 8
280890 8
281710 0
282280 8
283330 8
284150 8
284640 8
285090 0
285460 8
286030 0
286810 8
287910 8
288150 8
288610 0
289310 8
289780 8
290020 8
290260 0
290550 0
291270 8
291660 8
291900 0
292540 0
293050 8
293540 8
294100 0
294470 8
294810 8
295410 0
295650 8
295960 8
296280 0
296770 8
297280 8
297600 8
298130 0
298620 8
299580 8
300210 8
301140 8
302360 8
302680 8
303780 0
304230 8
304740 8
305250 0
305720 8
306770 8
307840 8
308410 8
309610 8
310300 8
310860 8
311340 8
311810 0
312510 8
312750 8
312980 0
313460 0
314160 8
315040 8
315580 8
316140 0
316750 8
317210 8
317920 0
318380 8
318790 8
319900 0
320250 8
321030 8
321780 8
322590 8
323640 8
323990 8
324930 0
325300 8
325870 8
326330 8
326740 0
327170 8
327740 0
328220 8
328740 8
329270 0
330110 8
330480 8
330960 0
331500 8
332200 8
332890 8
333390 8
334260 8
334770 8
335240 8
336190 0
336660 8
337100 8
338060 0
338520 8
339010 8
339700 0
340400 8
340880 8
341810 8
342280 8
342750 8
343680 0
344160 8
344620 8
345140 0
346000 8
346510 8
346890 8
347430 0
347910 8
348380 8
348720 0
349200 0
349780 8
350250 8
350720 0
351190 8
351620 8
352130 0
352830 8
353510 8
354020 8
354470 0
354930 8
355420 8
355890 0
356810 8
357280 8
357750 0
358280 8
358700 8
359160 0
359630 8
360110 8
360560 0
361040 8
361500 8
361970 0
362200 8
362440 0
362900 8
363380 8
363620 8
364230 0
364770 8
365250 8
365730 0
366200 8
366660 8
367130 0
368070 8
368520 8
369000 0
369470 8
370410 8
370870 8
371350 0
371820 8
372750 8
373240 8
374190 8
375460 8
376020 8
376490 8
376870 0
377430 8
377790 8
378260 0
378840 8
380140 8
380880 8
381310 8
381610 0
382350 0
382920 8
383540 8
384040 8
384370 0
385380 0
385860 8
386240 8
386580 0
387210 0
387710 8
388210 8
389140 0
390510 8
391150 8
391550 8
392210 0
392810 8
393770 8
394890 8
395640 8
395950 8
396560 0
397460 8
398010 8
398760 8
399000 8
399460 0
400450 8
401270 8
401820 8
402060 8
402400 0
403080 0
403920 8
404150 8
404400 0
405480 0
406070 8
406570 8
406820 8
407380 0
407890 8
408840 8
409320 8
410230 0
410710 8
411660 8
412050 8
412490 0
413050 8
413520 8
413950 0
414470 8
415390 8
416130 8
416580 8
416800 0
417400 0
417750 8
418360 8
419100 8
419750 8
420230 8
420330 8
420570 0
420910 0
421490 8
421960 8
422870 0
423720 8
424080 8
424320 0
424750 0
425250 8
425590 8
425960 0
426580 0
427120 8
428070 8
428550 8
428980 0
429370 8
430070 0
430430 8
430870 8
431340 0
431820 8
432210 8
432700 0
433210 8
433680 8
434090 0
434400 8
434530 8
435110 0
435900 8
436500 8
436920 8
437910 0
438750 8
439220 8
439890 0
440710 8
441260 8
441590 8
442120 0
442590 8
443450 8
443950 8
445400 8
446200 8
446810 8
447160 8
447650 0
448300 8
449150 8
449530 8
450220 0
450560 8
450990 8
451510 0
451970 8
452560 8
452920 8
453270 0
453730 0
454140 8
454690 8
455030 0
455860 0
456560 8
457030 8
457590 0
458440 8
459000 8
460060 8
460380 8
461250 0
461700 8
462180 8
462640 0
463210 8
463680 8
464100 0
464540 8
465270 8
466080 8
466540 8
466960 0
467890 8
468320 8
468740 0
469230 8
470120 8
470720 8
471590 8
471990 8
472830 0
473540 8
473960 8
474570 0
475640 8
476170 8
476800 8
477640 8
478150 8
479080 8
479620 8
480100 8
480570 0
481040 8
481500 8
481910 0
482110 8
482910 0
483750 8
484170 8
484890 0
485150 8
485860 8
486570 8
487590 8
488060 8
488510 8
489070 0
489470 8
490400 8
490780 8
491270 0
491820 8
492160 8
492740 0
493300 8
494150 8
494400 8
495190 0
495570 8
496010 8
496490 0
497060 8
497510 8
497830 0
498260 0
498780 8
499310 8
499800 0
500210 8
500690 8
501570 0
502040 8
502920 8
503400 8
504010 0
504470 8
504950 8
505370 0
505770 8
506270 0
506820 8
507290 8
507690 0
508220 0
509080 8
509530 8
510170 0
510580 8
511000 8
511450 0
512020 8
512920 8
513140 8
513760 0
514320 8
514790 8
515210 0
515720 8
516550 8
517030 8
518070 0
518540 8
518960 8
519700 0
519960 8
520400 8
520780 0
521250 0
521810 8
522290 8
522710 0
523300 0
524050 8
524520 8
525190 0
525590 8
525980 8
526460 0
526970 8
527460 8
527870 0
528330 8
528760 8
529320 0
529810 8
530220 8
530680 0
531570 8
532050 8
532840 0
533390 8
533980 8
534470 8
534950 0
535350 8
535790 8
536270 0
536820 8
537290 8
537730 0
538200 8
538710 8
539060 0
539560 0
540080 8
540590 8
540990 0
541450 8
541940 8
542480 0
542890 8
543270 8
543770 0
544320 8
544790 8
545230 0
545720 8
546580 8
547060 8
547600 0
548120 8
548970 8
549590 8
549960 8
550430 0
550790 8
551270 0
551780 8
552310 8
552690 0
553280 0
554070 8
554530 8
555090 0
555600 8
556040 8
556510 0
557900 8
