1790 0
2290 8
2640 8
3190 0
3630 0
4380 0
5020 8
5460 8
5950 0
7320 0
9400 8
10090 8
10560 8
10970 0
11480 0
11970 8
12410 8
12860 0
13330 0
13800 8
14260 0
14720 8
17080 0
17490 8
17970 8
18440 0
18940 8
19360 8
19800 0
20280 0
20730 8
21200 8
21680 0
22120 0
22640 8
23060 8
23570 0
23950 8
24450 0
24900 8
25360 0
25820 8
26340 0
26760 8
27190 0
27660 8
28120 0
28600 8
29050 8
29510 0
30080 0
30420 8
30910 8
31380 0
31940 0
32260 8
33190 0
33780 8
34320 8
35070 0
35490 8
36080 8
36420 8
36700 0
37500 0
38040 8
38720 8
39190 8
39730 0
40480 8
41040 8
41570 0
41980 8
42410 8
43020 0
44250 8
44850 8
45180 8
45650 0
45990 8
46350 0
46800 0
48190 8
48960 8
49350 8
50040 0
50800 8
51170 8
51640 0
52300 0
53040 8
53870 8
54450 8
54900 8
55250 0
55810 0
56260 8
56740 8
57220 0
58050 0
59050 8
59390 8
59970 0
60420 8
61330 8
61650 8
62010 0
62380 0
62730 8
63150 8
63850 0
64230 8
64980 0
65490 8
65910 8
66410 0
66800 8
67090 8
67550 0
67840 8
68370 0
68940 8
69650 8
70030 8
70580 0
70900 8
71340 0
71710 8
72160 0
73020 8
73970 8
74850 8
75320 8
76110 0
76780 8
77540 8
78500 8
78860 8
79390 0
79670 8
80200 0
81160 8
81940 8
83000 8
83510 8
83940 8
84390 0
84840 8
85250 8
85610 0
86180 0
86950 8
87410 8
88160 0
88560 8
88990 8
89570 0
90030 8
90400 8
90870 0
91340 8
92490 8
92930 8
93570 0
94240 8
94970 8
95600 8
96250 8
96970 8
97340 8
97900 0
98650 8
99190 8
99480 8
99750 0
100550 0
100900 8
101510 8
102110 0
102650 8
103180 8
103790 0
104290 8
104730 8
105180 0
105690 0
106130 8
106570 8
107050 0
107500 8
107960 0
108430 8
108910 8
109420 0
109810 8
110270 0
110770 8
111230 8
111670 0
112110 8
112610 0
113080 8
113510 8
113950 0
114440 0
114920 8
115340 8
115810 0
116280 8
116820 8
117200 0
117690 0
118130 8
118530 8
118870 0
119470 0
120060 8
120920 8
121280 8
121840 0
122320 8
123430 8
124340 8
124790 8
125530 0
125940 8
126420 8
127550 0
128270 8
128730 8
129160 0
129540 8
130010 0
130970 8
131270 8
131960 0
132430 8
132880 8
133570 0
134120 8
134690 8
135120 0
135660 8
136090 8
136570 0
137040 8
137570 8
138290 0
139240 8
139810 8
140270 8
141200 0
142100 8
142670 8
143020 8
143500 0
144490 8
144880 8
145300 0
145810 8
146230 8
146700 0
147400 8
148320 8
148900 8
149260 8
149940 0
150340 8
151100 8
152160 8
152620 8
152990 0
153530 0
154110 8
154990 8
155550 8
155970 8
156360 0
156810 0
157360 8
157820 8
158680 0
159210 8
159660 8
160040 0
160590 0
161320 8
161950 8
162320 8
162820 0
163290 8
163910 8
164370 0
164950 8
165540 8
166020 0
166880 8
167440 8
168020 8
168420 8
169340 0
169760 8
170250 8
170710 0
171180 8
171640 8
172090 0
172610 8
172990 8
173540 0
174060 8
174490 8
174980 0
175370 8
176040 0
176380 8
176810 8
177180 0
177590 0
178320 8
178920 8
179550 0
179970 8
180340 8
180830 0
181210 8
181580 8
182580 0
182890 8
183430 8
184120 0
184780 8
185340 8
186000 8
186350 8
186720 0
187560 0
188240 8
188750 8
189180 0
189650 8
190180 8
191680 8
192660 8
193780 8
194920 8
195750 8
196440 8
197030 8
197480 8
197950 0
198360 8
198870 8
199790 0
200250 8
200720 8
201260 0
202160 8
202580 8
202980 0
203490 0
203970 8
204410 8
205000 0
205990 8
206330 8
206730 0
207170 0
207950 8
208320 8
209040 0
209460 8
210230 8
210660 8
211040 0
211490 0
212460 8
213170 8
213660 8
214000 0
214440 0
215150 8
215960 8
216820 8
217570 8
218030 8
218570 0
219610 8
220510 8
221060 8
221540 8
222060 0
223270 8
223830 8
224580 8
225030 8
225460 0
226120 8
226570 8
227040 0
227520 8
228410 8
228890 8
229700 0
230310 8
230740 8
231660 0
232560 8
233140 8
233720 8
234640 8
235380 8
236050 8
237210 8
237560 8
238040 0
238570 8
239030 8
239720 0
241100 8
241820 8
242260 8
242570 0
243280 0
244110 8
244530 8
245050 0
245510 8
245970 8
246430 0
246990 8
247380 8
247790 0
248280 0
248730 8
249220 8
249680 0
250130 8
250570 8
251050 0
251520 8
251960 8
252440 0
252910 8
253360 8
253840 0
254340 8
254730 8
255200 0
255650 8
256120 8
256600 0
257130 8
257500 8
257970 0
258310 8
258640 8
